0 0.621995 0.566707 0.037260 0.027644
0 0.567308 0.180889 0.009615 0.010817
0 0.542668 0.177284 0.008413 0.018029
0 0.539663 0.186298 0.007212 0.002404
0 0.510216 0.202524 0.010817 0.006010
0 0.430288 0.209736 0.009615 0.010817
0 0.405649 0.192909 0.003606 0.010817
0 0.306490 0.215144 0.007212 0.007212
0 0.290865 0.274639 0.009615 0.010817
0 0.242788 0.206731 0.004808 0.004808
0 0.110577 0.215144 0.009615 0.007212
0 0.064904 0.209135 0.009615 0.004808
0 0.045673 0.212139 0.004808 0.006010
0 0.032452 0.210938 0.007212 0.013221
0 0.020433 0.216346 0.007212 0.014423
0 0.010216 0.216947 0.001202 0.010817
0 0.008413 0.207933 0.007212 0.007212
