0 0.376803 0.566707 0.037260 0.027644
0 0.432692 0.180889 0.009615 0.010817
0 0.456130 0.177284 0.008413 0.018029
0 0.460337 0.186298 0.007212 0.002404
0 0.488582 0.202524 0.010817 0.006010
0 0.569712 0.209736 0.009615 0.010817
0 0.593149 0.192909 0.003606 0.010817
0 0.695913 0.215144 0.007212 0.007212
0 0.709135 0.274639 0.009615 0.010817
0 0.757212 0.206731 0.004808 0.004808
0 0.889423 0.215144 0.009615 0.007212
0 0.935096 0.209135 0.009615 0.004808
0 0.956731 0.212139 0.004808 0.006010
0 0.969952 0.210938 0.007212 0.013221
0 0.979567 0.216346 0.007212 0.014423
0 0.988582 0.216947 0.001202 0.010817
0 0.991587 0.207933 0.007212 0.007212
