0 0.052885 0.511418 0.014423 0.013221
0 0.085938 0.643630 0.056490 0.037260
0 0.134615 0.503606 0.014423 0.016827
0 0.282452 0.539663 0.036058 0.031250
0 0.329928 0.537260 0.034856 0.036058
0 0.402043 0.526442 0.006010 0.038462
0 0.406250 0.524038 0.014423 0.028846
0 0.442909 0.533053 0.049279 0.042067
0 0.430889 0.513221 0.020433 0.016827
0 0.695312 0.519231 0.015625 0.024038
0 0.728966 0.537861 0.030048 0.037260
0 0.756010 0.483173 0.021635 0.009615
0 0.812500 0.628005 0.033654 0.034856
0 0.958534 0.432091 0.013221 0.027644
