0 0.949519 0.511418 0.014423 0.013221
0 0.912861 0.643630 0.056490 0.037260
0 0.865385 0.503606 0.014423 0.016827
0 0.719952 0.539663 0.036058 0.031250
0 0.668870 0.537260 0.034856 0.036058
0 0.596755 0.526442 0.006010 0.038462
0 0.593750 0.524038 0.014423 0.028846
0 0.555889 0.533053 0.049279 0.042067
0 0.570312 0.513221 0.020433 0.016827
0 0.305889 0.519231 0.015625 0.024038
0 0.272236 0.537861 0.030048 0.037260
0 0.246394 0.483173 0.021635 0.009615
0 0.189904 0.628005 0.033654 0.034856
0 0.042668 0.432091 0.013221 0.027644
