0 0.849159 0.740385 0.106971 0.201923
0 0.965745 0.574519 0.066106 0.134615
0 0.887620 0.384014 0.054087 0.118990
0 0.781851 0.451923 0.063702 0.110577
0 0.537861 0.388221 0.032452 0.093750
0 0.393029 0.150841 0.213942 0.272837
0 0.478966 0.274038 0.025240 0.052885
0 0.435697 0.401442 0.039663 0.134615
0 0.195913 0.595553 0.093750 0.176683
0 0.198317 0.487380 0.040865 0.128606
0 0.150240 0.811899 0.103365 0.191106
0 0.086538 0.923077 0.149038 0.144231
0 0.070913 0.698918 0.079327 0.162260
0 0.033053 0.628005 0.066106 0.087740
