0 0.152043 0.740385 0.106971 0.201923
0 0.033053 0.574519 0.066106 0.134615
0 0.113582 0.384014 0.054087 0.118990
0 0.216947 0.451923 0.063702 0.110577
0 0.463341 0.388221 0.032452 0.093750
0 0.609375 0.150841 0.213942 0.272837
0 0.519832 0.274038 0.025240 0.052885
0 0.565505 0.401442 0.039663 0.134615
0 0.806490 0.595553 0.093750 0.176683
0 0.801683 0.487380 0.040865 0.128606
0 0.849760 0.811899 0.103365 0.191106
0 0.913462 0.923077 0.149038 0.144231
0 0.929087 0.698918 0.079327 0.162260
0 0.965745 0.628005 0.066106 0.087740
