0 0.072716 0.344351 0.140625 0.087740
0 0.173678 0.521635 0.126202 0.115385
0 0.150841 0.144231 0.042067 0.057692
0 0.333534 0.372596 0.056490 0.076923
0 0.347957 0.463942 0.085337 0.076923
0 0.452524 0.285457 0.082933 0.066106
0 0.472957 0.387620 0.099760 0.073317
0 0.475962 0.605769 0.091346 0.062500
0 0.470553 0.604567 0.080529 0.074519
0 0.567909 0.277644 0.102163 0.122596
0 0.602163 0.435096 0.132212 0.038462
0 0.584135 0.304688 0.091346 0.070913
0 0.577524 0.892428 0.054087 0.116587
0 0.636418 0.323317 0.128606 0.050481
0 0.655649 0.902644 0.051683 0.093750
0 0.757812 0.364784 0.039663 0.061298
0 0.824519 0.852764 0.076923 0.099760
0 0.826322 0.843149 0.070913 0.066106
0 0.932692 0.466346 0.076923 0.125000
