0 0.346154 0.231370 0.086538 0.169471
0 0.045673 0.305889 0.038462 0.054087
0 0.099159 0.603365 0.034856 0.024038
0 0.253606 0.573317 0.026442 0.021635
0 0.344351 0.594351 0.020433 0.020433
0 0.353966 0.554087 0.034856 0.012019
0 0.357572 0.609375 0.022837 0.021635
0 0.431490 0.301082 0.064904 0.068510
0 0.409856 0.570913 0.016827 0.031250
0 0.442308 0.582332 0.052885 0.020433
0 0.589543 0.549279 0.030048 0.012019
0 0.659255 0.575721 0.044471 0.016827
0 0.759014 0.566106 0.022837 0.016827
0 0.771635 0.638822 0.024038 0.027644
0 0.849159 0.584736 0.039663 0.025240
0 0.853966 0.515625 0.010817 0.021635
0 0.885817 0.576322 0.036058 0.027644
0 0.921875 0.570312 0.016827 0.020433
0 0.936899 0.560697 0.042067 0.015625
0 0.945312 0.593750 0.049279 0.014423
0 0.961538 0.594351 0.052885 0.015625
0 0.967548 0.637019 0.036058 0.024038
