0 0.656250 0.231370 0.086538 0.169471
0 0.956731 0.305889 0.038462 0.054087
0 0.899639 0.603365 0.034856 0.024038
0 0.748798 0.573317 0.026442 0.021635
0 0.654447 0.594351 0.020433 0.020433
0 0.644832 0.554087 0.034856 0.012019
0 0.641226 0.609375 0.022837 0.021635
0 0.568510 0.301082 0.064904 0.068510
0 0.590144 0.570913 0.016827 0.031250
0 0.557692 0.582332 0.052885 0.020433
0 0.411659 0.549279 0.030048 0.012019
0 0.341947 0.575721 0.044471 0.016827
0 0.242188 0.566106 0.022837 0.016827
0 0.228365 0.638822 0.024038 0.027644
0 0.152043 0.584736 0.039663 0.025240
0 0.144832 0.515625 0.010817 0.021635
0 0.114183 0.576322 0.036058 0.027644
0 0.078125 0.570312 0.016827 0.020433
0 0.064303 0.560697 0.042067 0.015625
0 0.053486 0.593750 0.049279 0.014423
0 0.038462 0.594351 0.052885 0.015625
0 0.032452 0.637019 0.036058 0.024038
