0 0.132812 0.356370 0.049279 0.116587
0 0.968750 0.582933 0.019231 0.036058
0 0.903846 0.290865 0.052885 0.057692
0 0.782452 0.506010 0.026442 0.050481
0 0.644231 0.619591 0.019231 0.037260
0 0.583534 0.596755 0.027644 0.063702
0 0.564303 0.307091 0.027644 0.051683
0 0.487981 0.450120 0.038462 0.039663
0 0.459135 0.165865 0.033654 0.067308
0 0.427885 0.479567 0.024038 0.055288
0 0.423678 0.344351 0.020433 0.034856
0 0.400240 0.036058 0.060096 0.052885
0 0.381611 0.463341 0.037260 0.032452
0 0.385216 0.575721 0.025240 0.026442
0 0.365385 0.286058 0.019231 0.014423
0 0.349760 0.464543 0.012019 0.034856
0 0.179688 0.759014 0.022837 0.042067
0 0.141827 0.328125 0.024038 0.055288
0 0.069712 0.164062 0.028846 0.082933
0 0.013822 0.393029 0.027644 0.045673
