0 0.870192 0.626202 0.067308 0.175481
0 0.090745 0.112380 0.094952 0.143029
0 0.109375 0.872596 0.127404 0.153846
0 0.127404 0.601562 0.163462 0.131010
0 0.113582 0.373798 0.116587 0.122596
0 0.355769 0.865986 0.134615 0.169471
0 0.368990 0.111178 0.146635 0.140625
0 0.366587 0.606370 0.117788 0.169471
0 0.382212 0.411659 0.120192 0.135817
0 0.612981 0.402644 0.177885 0.180288
0 0.600361 0.886418 0.147837 0.157452
0 0.608173 0.135216 0.115385 0.121394
0 0.627404 0.611779 0.105769 0.156250
0 0.874399 0.371995 0.186298 0.080529
0 0.862981 0.120192 0.100962 0.110577
0 0.868389 0.871394 0.097356 0.237981
